> p_mat_mssa_components_without_covid
h=0        h=1        h=2         h=3         h=4          h=5         h=6
Shift=0 0.08367843 0.04697053 0.01716165 0.004970363 0.001852591 0.0014916223 0.038131120
Shift=1 0.22962867 0.16029212 0.09439378 0.032374591 0.004924831 0.0005668733 0.003966546
Shift=2 0.80063416 0.66593012 0.41362244 0.172503209 0.026356459 0.0053926105 0.005973822
Shift=3 0.87562927 0.96140792 0.91693738 0.683269414 0.247741014 0.0680266397 0.038739311
Shift=4 0.36969579 0.81934418 0.99000839 0.953135316 0.532674031 0.1172428757 0.030028073
Shift=5 0.35259055 0.80150247 0.98330212 0.943390630 0.570535712 0.2390552019 0.043390024